4294967278,132
4294967278,131
4294967278,130
4294967278,129
4294967278,128
4294967278,127
4294967278,126
4294967278,125
4294967278,124
4294967278,123
4294967278,122
4294967278,121
4294967278,120
4294967278,119
4294967278,118
4294967278,117
4294967278,116
4294967278,115
4294967278,73
4294967278,72
4294967278,71
4294967278,70
4294967278,69
4294967278,68
4294967278,67
4294967278,66
4294967278,65
4294967278,64
4294967278,63
4294967278,62
4294967278,61
4294967278,60
4294967278,59
4294967278,58
4294967278,57
4294967278,56
4294967278,55
4294967278,54
4294967278,53
4294967278,52
4294967278,51
4294967278,50
4294967278,49
4294967278,48
4294967278,47
4294967278,46
4294967278,45
4294967278,44
4294967278,43
4294967278,42
4294967278,41
4294967278,40
4294967278,39
4294967278,38
4294967278,37
4294967278,36
4294967278,35
4294967278,34
4294967278,33
4294967278,32
4294967278,31
4294967278,30
4294967278,29
4294967278,28
4294967278,27
4294967278,26
4294967278,25
4294967278,24
4294967278,23
4294967278,22
4294967278,21
4294967278,20
4294967278,19
4294967278,18
4294967278,17
4294967278,16
4294967278,15
4294967278,14
4294967278,13
4294967278,12
4294967278,11
4294967278,10
4294967278,263
4294967278,9
4294967278,8
4294967278,7
4294967278,6
4294967278,5
4294967278,174
4294967278,255
4294967278,4
4294967279,132
4294967279,131
4294967279,130
4294967279,129
4294967279,128
4294967279,127
4294967279,126
4294967279,125
4294967279,124
4294967279,123
4294967279,122
4294967279,121
4294967279,120
4294967279,119
4294967279,118
4294967279,117
4294967279,116
4294967279,115
4294967279,114
4294967279,113
4294967279,112
4294967279,111
4294967279,110
4294967279,109
4294967279,108
4294967279,107
4294967279,106
4294967279,105
4294967279,104
4294967279,103
4294967279,102
4294967279,101
4294967279,100
4294967279,99
4294967279,98
4294967279,97
4294967279,96
4294967279,95
4294967279,94
4294967279,93
4294967279,92
4294967279,91
4294967279,90
4294967279,89
4294967279,87
4294967279,86
4294967279,85
4294967279,84
4294967279,83
4294967279,82
4294967279,81
4294967279,80
4294967279,79
4294967279,78
4294967279,77
4294967279,76
4294967279,75
4294967279,74
4294967279,73
4294967279,72
4294967279,71
4294967279,70
4294967279,69
4294967279,68
4294967279,67
4294967279,66
4294967279,65
4294967279,64
4294967279,63
4294967279,62
4294967279,61
4294967279,60
4294967279,59
4294967279,58
4294967279,57
4294967279,56
4294967279,55
4294967279,54
4294967279,53
4294967279,52
4294967279,51
4294967279,50
4294967279,49
4294967279,48
4294967279,47
4294967279,46
4294967279,45
4294967279,44
4294967279,43
4294967279,42
4294967279,41
4294967279,40
4294967279,39
4294967279,38
4294967279,37
4294967279,36
4294967279,35
4294967279,34
4294967279,33
4294967279,32
4294967279,31
4294967279,30
4294967279,29
4294967279,28
4294967279,27
4294967279,26
4294967279,25
4294967279,24
4294967279,23
4294967279,22
4294967279,20
4294967279,18
4294967279,17
4294967279,16
4294967279,15
4294967279,14
4294967279,13
4294967279,12
4294967279,11
4294967279,10
4294967279,9
4294967279,8
4294967279,7
4294967279,6
4294967279,5
4294967279,4
0,5
4294967294,435
4294967294,421
4294967294,422
4294967294,66
4294967294,151
4294967294,150
4294967294,89
4294967279,270
4294967294,423
4294967279,21
4294967294,527
4294967294,441
4294967294,439
4294967294,515
4294967294,417
4294967278,1
4294967278,280
4294967278,260
4294967278,0
4294967294,420
4294967294,425
4294967279,19
4294967279,491
4294967279,490
4294967279,489
4294967294,149
4294967279,488
4294967279,487
4294967279,486
4294967279,485
4294967279,484
4294967294,148
4294967279,483
4294967294,147
4294967279,482
4294967294,146
4294967279,481
4294967279,480
4294967279,479
4294967279,478
4294967279,477
4294967279,476
4294967279,475
4294967279,474
4294967294,145
4294967279,473
4294967279,472
4294967279,471
4294967279,470
4294967279,469
4294967279,468
4294967279,467
4294967294,144
4294967279,466
4294967279,465
4294967279,464
4294967279,463
4294967294,143
4294967279,462
4294967279,461
4294967279,460
4294967279,459
4294967294,142
4294967279,458
4294967279,457
4294967279,456
4294967279,455
4294967294,141
4294967279,454
4294967279,453
4294967279,452
4294967279,451
4294967279,450
4294967294,256
4294967294,140
4294967279,449
4294967279,448
4294967294,253
4294967279,447
4294967294,252
4294967294,251
4294967279,446
4294967294,250
4294967279,445
4294967294,249
4294967279,444
4294967294,248
4294967294,247
4294967279,443
4294967294,246
4294967279,442
4294967294,245
4294967294,139
4294967294,244
4294967279,441
4294967294,138
4294967294,243
4294967279,440
4294967294,242
4294967279,439
4294967294,241
4294967294,240
4294967279,438
4294967294,239
4294967279,437
4294967294,238
4294967294,237
4294967279,436
4294967294,137
4294967294,236
4294967279,435
4294967294,235
4294967279,434
4294967294,234
4294967294,233
4294967279,433
4294967294,232
4294967279,432
4294967294,231
4294967294,136
4294967294,230
4294967279,431
4294967294,229
4294967279,430
4294967294,228
4294967279,429
4294967294,227
4294967294,226
4294967279,428
4294967294,225
4294967279,427
4294967294,224
4294967279,426
4294967294,223
4294967294,222
4294967279,425
4294967294,135
4294967294,221
4294967279,424
4294967294,220
4294967279,423
4294967294,219
4294967294,218
4294967279,422
4294967294,217
4294967279,421
4294967294,216
4294967279,420
4294967294,215
4294967294,214
4294967279,419
4294967294,213
4294967279,418
4294967294,212
4294967294,134
4294967294,133
4294967279,417
4294967294,132
4294967294,211
4294967294,210
4294967279,416
4294967294,209
4294967279,415
4294967294,208
4294967279,414
